0.0000500000   90.2742634599
0.0000507315   91.5416503369
0.0000514736   92.8268294572
0.0000522266   94.1300504954
0.0000529907   95.4515664692
0.0000537659   96.7916339346
0.0000545524   98.1505130381
0.0000553505   99.5284675667
0.0000561602   100.9257649985
0.0000569818   102.3426765816
0.0000578154   103.7794775680
0.0000586612   105.2364471664
0.0000595193   106.7138685063
0.0000603901   108.2120286932
0.0000612735   109.7312188641
0.0000621699   111.2717342441
0.0000630794   112.8338741782
0.0000640022   114.4179420814
0.0000649385   116.0242455800
0.0000658885   117.6530966116
0.0000668524   119.3048114852
0.0000678304   120.9797109426
0.0000688227   122.6781202202
0.0000698295   124.4003691267
0.0000708510   126.1467921444
0.0000718875   127.9177284566
0.0000729392   129.7135220029
0.0000740062   131.5345215453
0.0000750888   133.3810807364
0.0000761873   135.2535581873
0.0000773019   137.1523174532
0.0000784328   139.0777269776
0.0000795802   141.0301603269
0.0000807443   143.0099962915
0.0000819256   145.0176189582
0.0000831241   147.0534177843
0.0000843401   149.1177876749
0.0000855739   151.2111292554
0.0000868258   153.3338491046
0.0000880960   155.4863595425
0.0000893848   157.6690786779
0.0000906924   159.8824304904
0.0000920191   162.1268449122
0.0000933653   164.4027579023
0.0000947312   166.7106111957
0.0000961170   169.0508522886
0.0000975231   171.4239349009
0.0000989498   173.8303190880
0.0001003973   176.2704713287
0.0001018661   178.7448646147
0.0001033563   181.2539785535
0.0001048683   183.7982996832
0.0001064024   186.3783215531
0.0001079590   188.9945446281
0.0001095384   191.6474763785
0.0001111408   194.3376313780
0.0001127667   197.0655314024
0.0001144164   199.8317055267
0.0001160902   202.6366901850
0.0001177885   205.4810292877
0.0001195117   208.3652743534
0.0001212600   211.2899846159
0.0001230339   214.2557271315
0.0001248338   217.2630768882
0.0001266600   220.3126168681
0.0001285130   223.4049378438
0.0001303930   226.5406386696
0.0001323005   229.7203265496
0.0001342360   232.9446171541
0.0001361997   236.2141347374
0.0001381922   239.5295122564
0.0001402139   242.8913914185
0.0001422651   246.3004225029
0.0001443463   249.7572647173
0.0001464580   253.2625864320
0.0001486005   256.8170653067
0.0001507744   260.4213884185
0.0001529801   264.0762523912
0.0001552181   267.7823639642
0.0001574888   271.5404412276
0.0001597927   275.3512126570
0.0001621304   279.2154169443
0.0001645022   283.1338031419
0.0001669087   287.1071308072
0.0001693504   291.1361701467
0.0001718279   295.2217009632
0.0001743416   299.3645110438
0.0001768921   303.5653986233
0.0001794798   307.8251729355
0.0001821055   312.1446543617
0.0001847695   316.5246745820
0.0001874726   320.9660767460
0.0001902151   325.4697169858
0.0001929978   330.0364656138
0.0001958212   334.6672053041
0.0001986859   339.3628310466
0.0002015925   344.1242503188
0.0002045416   348.9523832588
0.0002075339   353.8481627862
0.0002105700   358.8125329613
0.0002136504   363.8464486519
0.0002167759   368.9508777289
0.0002199472   374.1268013734
0.0002231648   379.3752142564
0.0002264295   384.6971247213
0.0002297420   390.0935550455
0.0002331029   395.5655429634
0.0002365130   401.1141417624
0.0002399730   406.7404193525
0.0002434836   412.4454584268
0.0002470456   418.2303566641
0.0002506597   424.0962269348
0.0002543266   430.0441972968
0.0002580472   436.0754090403
0.0002618222   442.1910176445
0.0002656524   448.3921943732
0.0002695387   454.6801265080
0.0002734818   461.0560175625
0.0002774826   467.5210874991
0.0002815420   474.0765730701
0.0002856607   480.7237288148
0.0002898397   487.4638268424
0.0002940798   494.2981566906
0.0002983819   501.2280255582
0.0003027470   508.2547585421
0.0003071759   515.3796988779
0.0003116696   522.6042077851
0.0003162291   529.9296631095
0.0003208553   537.3574608272
0.0003255491   544.8890158734
0.0003303116   552.5257623927
0.0003351438   560.2691539933
0.0003400467   568.1206640034
0.0003450213   576.0817853842
0.0003500686   584.1540301365
0.0003551898   592.3389304333
0.0003603860   600.6380391250
0.0003656581   609.0529300092
0.0003710074   617.5851981047
0.0003764349   626.2364599258
0.0003819418   635.0083531973
0.0003875293   643.9025363306
0.0003931985   652.9206897839
0.0003989507   662.0645165322
0.0004047870   671.3357423576
0.0004107087   680.7361161432
0.0004167170   690.2674101581
0.0004228133   699.9314195233
0.0004289987   709.7299618972
0.0004352745   719.6648789857
0.0004416422   729.7380369774
0.0004481031   739.9513268538
0.0004546585   750.3066647043
0.0004613097   760.8059919642
0.0004680583   771.4512732340
0.0004749056   782.2444959434
0.0004818531   793.1876734159
0.0004889022   804.2828453633
0.0004960544   815.5320782104
0.0005033113   826.9374654240
0.0005106743   838.5011278357
0.0005181450   850.2252137987
0.0005257250   862.1118995436
0.0005334159   874.1633896702
0.0005412194   886.3819174993
0.0005491369   898.7697454238
0.0005571704   911.3291652627
0.0005653213   924.0624980085
0.0005735915   936.9720880567
0.0005819826   950.0603057471
0.0005904965   963.3295515860
0.0005991350   976.7822566547
0.0006078998   990.4208829653
0.0006167929   1004.2479238185
0.0006258161   1018.2659043205
0.0006349712   1032.4773827141
0.0006442603   1046.8849501863
0.0006536853   1061.4912307849
0.0006632482   1076.2988817960
0.0006729509   1091.3105941270
0.0006827956   1106.5290926941
0.0006927843   1121.9571347341
0.0007029192   1137.5975020088
0.0007132023   1153.4530076906
0.0007236358   1169.5264996631
0.0007342220   1185.8208608974
0.0007449631   1202.3390098313
0.0007558613   1219.0839007504
0.0007669189   1236.0585238664
0.0007781382   1253.2659049646
0.0007895217   1270.7091065519
0.0008010718   1288.3912284516
0.0008127908   1306.3154081974
0.0008246812   1324.4848214305
0.0008367456   1342.9026822750
0.0008489865   1361.5722377097
0.0008614065   1380.4967595908
0.0008740081   1399.6795563671
0.0008867941   1419.1239753413
0.0008997672   1438.8334030421
0.0009129300   1458.8112655973
0.0009262854   1479.0610291183
0.0009398361   1499.5862007136
0.0009535852   1520.3903293224
0.0009675353   1541.4770051897
0.0009816895   1562.8498601586
0.0009960508   1584.5125680573
0.0010106222   1606.4688450884
0.0010254067   1628.7224497510
0.0010404076   1651.2771690163
0.0010556279   1674.1368152323
0.0010710708   1697.3052418743
0.0010867397   1720.7863448183
0.0011026377   1744.5840626749
0.0011187684   1768.7023771223
0.0011351350   1793.1453126836
0.0011517411   1817.9169279177
0.0011685901   1843.0213166527
0.0011856856   1868.4626158169
0.0012030312   1894.2450059799
0.0012206305   1920.3727116479
0.0012384873   1946.8500015565
0.0012566053   1973.6811872543
0.0012749884   2000.8706066549
0.0012936404   2028.4226304627
0.0013125653   2056.3416728477
0.0013317670   2084.6321918186
0.0013512496   2113.2986894432
0.0013710172   2142.3457120660
0.0013910741   2171.7778476757
0.0014114243   2201.5997086896
0.0014320722   2231.8159424804
0.0014530223   2262.4312397087
0.0014742787   2293.4503344905
0.0014958462   2324.8780045292
0.0015177292   2356.7190712394
0.0015399323   2388.9783914660
0.0015624602   2421.6608252230
0.0015853176   2454.7712618112
0.0016085095   2488.3146312468
0.0016320406   2522.2959042429
0.0016559160   2556.7200921786
0.0016801406   2591.5922470570
0.0017047197   2626.9174559340
0.0017296583   2662.7008278926
0.0017549617   2698.9475074177
0.0017806353   2735.6626778043
0.0018066845   2772.8515610123
0.0018331148   2810.5194175088
0.0018599317   2848.6715459829
0.0018871409   2887.3132570198
0.0019147482   2926.4498375906
0.0019427594   2966.0865993066
0.0019711803   3006.2288859605
0.0020000170   3046.8820731182
0.0020292756   3088.0515676930
0.0020589621   3129.7428071751
0.0020890830   3171.9612378387
0.0021196445   3214.7122996075
0.0021506531   3258.0014555449
0.0021821154   3301.8341942621
0.0022140379   3346.2160292707
0.0022464274   3391.1524983133
0.0022792907   3436.6491613033
0.0023126348   3482.7115594081
0.0023464667   3529.3452052644
0.0023807935   3576.5556251736
0.0024156225   3624.3483607177
0.0024509610   3672.7289677870
0.0024868165   3721.7030155804
0.0025231966   3771.2760813957
0.0025601088   3821.4536826752
0.0025975610   3872.2412835979
0.0026355611   3923.6443482831
0.0026741172   3975.6683411421
0.0027132373   4028.3187254783
0.0027529296   4081.6009620533
0.0027932027   4135.5205024591
0.0028340648   4190.0827382103
0.0028755248   4245.2930180214
0.0029175913   4301.1566765963
0.0029602732   4357.6790332839
0.0030035795   4414.8653902844
0.0030475193   4472.7210308174
0.0030921020   4531.2511996701
0.0031373368   4590.4609959942
0.0031832334   4650.3554351619
0.0032298014   4710.9394954502
0.0032770507   4772.2181158917
0.0033249911   4834.1961939119
0.0033736330   4896.8785829227
0.0034229864   4960.2700666578
0.0034730618   5024.3752692842
0.0035238697   5089.1987243863
0.0035754209   5154.7449027349
0.0036277263   5221.0182094247
0.0036807969   5288.0229809612
0.0037346439   5355.7634822855
0.0037892785   5424.2438576921
0.0038447125   5493.4680224071
0.0039009574   5563.4397708520
0.0039580251   5634.1628017882
0.0040159276   5705.6407148177
0.0040746773   5777.8770068347
0.0041342864   5850.8750680349
0.0041947675   5924.6380947667
0.0042561334   5999.1689765878
0.0043183970   6074.4704460664
0.0043815715   6150.5450991485
0.0044456702   6227.3953909479
0.0045107066   6305.0236314922
0.0045766944   6383.4319795743
0.0046436476   6462.6223223485
0.0047115802   6542.5961948119
0.0047805067   6623.3549372999
0.0048504414   6704.8997065994
0.0049213993   6787.2314710590
0.0049933952   6870.3510056625
0.0050664443   6954.2588803573
0.0051405621   7038.9552640217
0.0052157642   7124.4398811002
0.0052920664   7210.7122092222
0.0053694849   7297.7714853699
0.0054480359   7385.6167002903
0.0055277361   7474.2465928877
0.0056086022   7563.6596300716
0.0056906513   7653.8537748444
0.0057739007   7744.8265113199
0.0058583680   7836.5750216151
0.0059440710   7929.0961853088
0.0060310277   8022.3865733384
0.0061192566   8116.4424419054
0.0062087761   8211.2596902781
0.0062996052   8306.8335171635
0.0063917631   8403.1585497633
0.0064852692   8500.2290441050
0.0065801432   8598.0388811703
0.0066764052   8696.5815604193
0.0067740753   8795.8501933710
0.0068731743   8895.8374250393
0.0069737231   8996.5350055495
0.0070757427   9097.9340480985
0.0071792549   9200.0252172306
0.0072842813   9302.7987228408
0.0073908442   9406.2443136778
0.0074989660   9510.3512709698
0.0076086695   9615.1082532538
0.0077199779   9720.5027441570
0.0078329147   9826.5215059876
0.0079475036   9933.1507636204
0.0080637689   10040.3761982717
0.0081817350   10148.1829414693
0.0083014269   10256.5555691523
0.0084228697   10365.4778685865
0.0085460892   10474.9323286772
0.0086711112   10584.9006838873
0.0087979623   10695.3640459530
0.0089266690   10806.3028988981
0.0090572586   10917.6970943857
0.0091897587   11029.5258451506
0.0093241971   11141.7672763448
0.0094606022   11254.3978628013
0.0095990028   11367.3932420151
0.0097394281   11480.7283377967
0.0098819077   11594.3773575714
0.0100264717   11708.3137901958
0.0101731505   11822.5103932102
0.0103219751   11936.9385262968
0.0104729768   12051.5677407310
0.0106261876   12166.3667068190
0.0107816398   12281.3033032229
0.0109393661   12396.3446181709
0.0110993997   12511.4569514157
0.0112617746   12626.6057832971
0.0114265248   12741.7548520857
0.0115936852   12856.8660037960
0.0117632910   12971.9001801916
0.0119353780   13086.8174801077
0.0121099825   13201.5771666929
0.0122871413   13316.1376756825
0.0124668918   13430.4565358337
0.0126492719   13544.4890351309
0.0128343201   13658.1884566277
0.0130220753   13771.5071778514
0.0132125773   13884.3967173044
0.0134058661   13996.8077504669
0.0136019826   14108.6901271703
0.0138009681   14219.9927254413
0.0140028646   14330.6619727749
0.0142077147   14440.6425151563
0.0144155615   14549.8781609203
0.0146264490   14658.3119181028
0.0148404216   14765.8860222990
0.0150575244   14872.5419662383
0.0152778033   14978.2202286000
0.0155013046   15082.8585895541
0.0157280756   15186.3933008331
0.0159581641   15288.7599208419
0.0161916185   15389.8933579295
0.0164284882   15489.7279133964
0.0166688231   15588.1973265322
0.0169126739   15685.2344219723
0.0171600920   15780.7697412811
0.0174111297   15874.7328482593
0.0176658398   15967.0528830625
0.0179242761   16057.6586203594
0.0181864931   16146.4785296621
0.0184525461   16233.4408376199
0.0187224912   16318.4731868563
0.0189963855   16401.5018403678
0.0192742865   16482.4527423956
0.0195562530   16561.2518304433
0.0198423445   16637.8251107322
0.0201326212   16712.0987357260
0.0204271445   16783.9990839316
0.0207259763   16853.4528911014
0.0210291798   16920.3873924711
0.0213368190   16984.7303153528
0.0216489586   17046.4099517282
0.0219656645   17105.3552462803
0.0222870037   17161.4958858770
0.0226130437   17214.7624161521
0.0229438534   17265.0878035327
0.0232795026   17312.4083427897
0.0236200620   17356.6616726394
0.0239656036   17397.7866713309
0.0243162001   17435.7235446801
0.0246719255   17470.4139143678
0.0250328549   17501.8010473961
0.0253990645   17529.8336754093
0.0257706313   17554.4664911454
0.0261476339   17575.6562093355
0.0265301516   17593.3614201770
0.0269182653   17607.5426586271
0.0273120568   17618.1624724957
0.0277116091   17625.1862383309
0.0281170065   17628.5931568518
0.0285283346   17628.3738711305
0.0289456800   17624.5215113135
0.0293691308   17617.0314568784
0.0297987764   17605.9013486208
0.0302347073   17591.1310983158
0.0306770155   17572.7236160102
0.0311257943   17550.6911264627
0.0315811383   17525.0520682675
0.0320431437   17495.8271223703
0.0325119078   17463.0391405128
0.0329875295   17426.7131168530
0.0334701092   17386.8761574881
0.0339597486   17343.5669495989
0.0344565510   17296.8875837651
0.0349606213   17246.9657728451
0.0354720656   17193.9299961449
0.0359909919   17137.9092242625
0.0365175097   17079.0327156252
0.0370517300   17017.4298208746
0.0375937655   16953.2181969565
0.0381437305   16886.4643728875
0.0387017411   16817.2214358832
0.0392679148   16745.5432231666
0.0398423712   16671.4842658302
0.0404252314   16595.0997325861
0.0410166184   16516.4453918303
0.0416166568   16435.6066849638
0.0422254734   16352.7569842601
0.0428431963   16268.0841890182
0.0434699561   16181.7736276448
0.0441058848   16094.0078749221
0.0447511166   16004.9665892950
0.0454057876   15914.8263791628
0.0460700359   15823.7622509765
0.0467440016   15731.9492187325
0.0474278268   15639.5592277603
0.0481216558   15546.7606518572
0.0488256350   15453.7182410396
0.0495399128   15360.5930869348
0.0502646398   15267.5395761391
0.0509999690   15174.6720671417
0.0517460554   15082.0781695287
0.0525030565   14989.8429663724
0.0532711318   14898.0494728356
0.0540504435   14806.7786584458
0.0548411558   14716.1036276103
0.0556434355   14626.0275648031
0.0564574519   14536.5096045178
0.0572833767   14447.5090711192
0.0581213841   14358.9862217469
0.0589716508   14270.9021686977
0.0598343562   14183.1917062918
0.0607096823   14095.7222579176
0.0615978136   14008.3537567030
0.0624989376   13920.9496488694
0.0634132442   13833.3768878922
0.0643409264   13745.4894791526
0.0652821797   13657.0891107110
0.0662372028   13567.9709266797
0.0672061971   13477.9359470993
0.0681893670   13386.7908968651
0.0691869198   13294.3260295894
0.0701990659   13200.3004743172
0.0712260189   13104.4780058399
0.0722679954   13006.6311347589
0.0733252151   12906.5362761156
0.0743979010   12803.9476141050
0.0754862794   12698.6183819954
0.0765905799   12590.3138766935
0.0777110353   12478.8128280887
0.0788478821   12363.9153652483
0.0800013599   12245.4402355616
0.0811717122   12123.2203609993
0.0823591857   11997.1121752632
0.0835640310   11867.0635974139
0.0847865021   11733.0740736036
0.0860268570   11595.1540426321
0.0872853572   11453.3637514105
0.0885622682   11307.9160511622
0.0898578593   11159.0582324328
0.0911724038   11007.0421227385
0.0925061790   10852.2459684203
0.0938594662   10695.1674629397
0.0952325509   10536.2919037614
0.0966257226   10376.1136597530
0.0980392753   10215.1811865619
0.0994735070   10054.0282893057
0.1009287203   9893.1607626795
0.1024052222   9733.1643892055
0.1039033240   9574.8583554723
0.1054233418   9419.0506769894
0.1069655962   9266.4911290032
0.1085304125   9117.6824368098
0.1101181207   8972.8401834709
0.1117290557   8832.1464766296
0.1133635573   8695.7702753509
0.1150219703   8563.8760150776
0.1167046445   8436.6190158501
0.1184119348   8314.1373701255
0.1201442014   8196.3916260339
0.1219018095   8083.1532494062
0.1236851299   7974.1938992710
0.1254945388   7869.1782518810
0.1273304178   7767.5402290810
0.1291931542   7668.7102686788
0.1310831408   7572.0734744777
0.1330007764   7476.8507412594
0.1349464653   7382.2688331150
0.1369206180   7287.5742531516
0.1389236509   7192.0092375624
0.1409559865   7094.8528207424
0.1430180535   6995.4814424325
0.1451102867   6893.3924743156
0.1472331275   6788.1416410118
0.1493870237   6679.4880631756
0.1515724296   6567.3362128081
0.1537898061   6451.6913307343
0.1560396210   6332.8525956730
0.1583223488   6211.1921847042
0.1606384709   6087.2870344175
0.1629884759   5961.8979517642
0.1653728596   5835.8205267972
0.1677921247   5710.0258897163
0.1702467817   5585.4674879455
0.1727373482   5463.1210946729
0.1752643496   5343.9326389637
0.1778283189   5228.7413072728
0.1804297969   5118.2834117759
0.1830693323   5013.1265632643
0.1857474819   4913.5953177582
0.1884648105   4819.8280851140
0.1912218914   4731.5762898225
0.1940193060   4648.4161791961
0.1968576445   4569.5220311750
0.1997375054   4493.9505985667
0.2026594963   4420.5396378329
0.2056242334   4348.1306845353
0.2086323421   4275.6118347655
0.2116844569   4202.0074492683
0.2147812216   4126.5624202884
0.2179232893   4048.7403047744
0.2211113228   3968.2671597399
0.2243459946   3885.1543901134
0.2276279868   3799.6742858565
0.2309579919   3712.4378728570
0.2343367121   3624.2673548265
0.2377648601   3536.2257353617
0.2412431590   3449.4138075640
0.2447723425   3364.9027396894
0.2483531550   3283.5616483220
0.2519863517   3206.0282632227
0.2556726990   3132.6478174263
0.2594129745   3063.4813838906
0.2632079670   2998.3379612274
0.2670584771   2936.7570791377
0.2709653169   2878.0391316175
0.2749293104   2821.3075872501
0.2789512939   2765.5751038766
0.2830321155   2709.8936468268
0.2871726361   2653.4731330109
0.2913737290   2595.7762425677
0.2956362804   2536.5938346854
0.2999611893   2476.0566705012
0.3043493679   2414.6236505611
0.3088017419   2353.0362808852
0.3133192504   2292.2126523953
0.3179028462   2233.0713510408
0.3225534961   2176.3565831325
0.3272721811   2122.5158993546
0.3320598964   2071.6511260501
0.3369176520   2023.5394997940
0.3418464725   1977.6994310254
0.3468473974   1933.4702836211
0.3519214817   1890.1145238913
0.3570697955   1846.9539314287
0.3622934248   1803.5074680954
0.3675934713   1759.5792771567
0.3729710531   1715.2670139409
0.3784273043   1670.8980566641
0.3839633759   1626.9380697690
0.3895804355   1583.9079935806
0.3952796680   1542.2890514180
0.4010622754   1502.4252176635
0.4069294775   1464.4334536589
0.4128825118   1428.1669767308
0.4189226339   1393.2563468619
0.4250511180   1359.2196543761
0.4312692565   1325.5957727072
0.4375783612   1292.0659323851
0.4439797628   1258.5303465611
0.4504748114   1225.1233103236
0.4570648771   1192.1510686315
0.4637513499   1159.9698060382
0.4705356402   1128.8534647316
0.4774191788   1098.9161445697
0.4844034179   1070.1077393258
0.4914898304   1042.2576242905
0.4986799112   1015.1395757419
0.5059751768   988.5363041056
0.5133771659   962.2866352626
0.5208874399   936.3246700393
0.5285075828   910.7127355435
0.5362392020   885.6227655393
0.5440839283   861.2446083299
0.5520434162   837.6932630928
0.5601193448   814.9534240504
0.5683134173   792.8908061494
0.5766273623   771.3369321819
0.5850629332   750.1869320696
0.5936219093   729.4263939784
0.6023060961   709.0887949177
0.6111173251   689.2222340366
0.6200574550   669.8762822953
0.6291283715   651.0944282050
0.6383319878   632.8850770387
0.6476702452   615.1940031331
0.6571451134   597.9266701112
0.6667585909   581.0175771518
0.6765127055   564.4780379790
0.6864095145   548.3625417777
0.6964511055   532.6994196010
0.7066395965   517.4697821885
0.7169771365   502.6495399076
0.7274659060   488.2286036691
0.7381081172   474.1862370412
0.7489060151   460.4865053585
0.7598618770   447.1216108652
0.7709780140   434.1255251645
0.7822567707   421.4868355139
0.7937005260   409.1892496505
0.8053116938   397.2212116530
0.8170927231   385.5749102146
0.8290460990   374.2427931029
0.8411743427   363.2174442978
0.8534800123   352.4915830724
0.8659657034   342.0580630151
0.8786340497   331.9098709994
0.8914877231   322.0401276020
0.9045294349   312.4420878994
0.9177619360   303.1091367748
0.9311880173   294.0347871353
0.9448105109   285.2126786870
0.9586322900   276.6365766707
0.9726562701   268.3003705589
0.9868854092   260.1980727188
1.0013227085   252.3238170414
1.0159712134   244.6718575416
1.0308340134   237.2365669297
1.0459142437   230.0124351587
1.0612150850   222.9940679476
1.0767397646   216.1761852844
1.0924915573   209.5536198361
1.1084737853   203.1213069341
1.1246898198   196.8742765752
1.1411430812   190.8076680535
1.1578370398   184.9167301753
1.1747752170   179.1968194584
1.1919611854   173.6433983359
1.2093985700   168.2520333648
1.2270910488   163.0183934421
1.2450423536   157.9382480275
1.2632562708   153.0074653757
1.2817366423   148.2220107781
1.3004873659   143.5779448141
1.3195123968   139.0714216151
1.3388157478   134.6986871399
1.3584014905   130.4560774269
1.3782737561   126.3400149243
1.3984367361   122.3470060978
1.4188946835   118.4736428518
1.4396519133   114.7166011035
1.4607128039   111.0726390994
1.4820817975   107.5385957516
1.5037634014   104.1113889932
1.5257621889   100.7880141538
1.5480828000   97.5655423553
1.5707299428   94.4411189284
1.5937083941   91.4119618493
1.6170230008   88.4753601983
1.6406786805   85.6286726391
1.6646804227   82.8693259189
1.6890332902   80.1948133676
1.7137424195   77.6026927023
1.7388130225   75.0905845603
1.7642503872   72.6561720403
1.7900598791   70.2971993536
1.8162469420   68.0114704397
1.8428170995   65.7968476043
1.8697759560   63.6512501796
1.8971291977   61.5726532083
1.9248825943   59.5590861499
1.9530419996   57.6086316090
1.9816133531   55.7194240871
2.0106026815   53.8896487560
2.0400160992   52.1175402540
2.0698598103   50.4013815032
2.1001401097   48.7395024976
2.1308633843   47.1302781264
2.1620361144   45.5721272782
2.1936648753   44.0635128497
2.2257563381   42.6029406957
2.2583172719   41.1889585543
2.2913545447   39.8201549950
2.3248751248   38.4951583887
2.3588860827   37.2126358986
2.3933945922   35.9712924931
2.4284079320   34.7698699794
2.4639334873   33.6071460576
2.4999787515   32.4819333956
2.5365513275   31.3930787241
2.5736589293   30.3394619509
2.6113093839   29.3199952611
2.6495106329   28.3336218207
2.6882707339   27.3793151412
2.7275978624   26.4560786669
2.7675003135   25.5629449843
2.8079865038   24.6989750408
2.8490649728   23.8632573814
2.8907443851   23.0549074037
2.9330335319   22.2730666298
2.9759413332   21.5169019963
3.0194768394   20.7856051609
3.0636492333   20.0783918256
3.1084678319   19.3945010766
3.1539420887   18.7331947396
3.2000815955   18.0937567519
3.2468960843   17.4754925185
3.2943954294   16.8777280365
3.3425896499   16.2998094840
3.3914889110   15.7411028525
3.4411035270   15.2009933895
3.4914439629   14.6788850527
3.5425208368   14.1741999781
3.5943449222   13.6863779616
3.6469271502   13.2148759545
3.7002786117   12.7591675714
3.7544105600   12.3187426116
3.8093344129   11.8931065927
3.8650617554   11.4817802962
3.9216043418   11.0842993253
3.9789740985   10.7002136748
4.0371831262   10.3290872901
4.0962437028   9.9704975181
4.1561682856   9.6240348225
4.2169695145   9.2893024820
4.2786602140   8.9659162114
4.3412533962   8.6535037939
4.4047622638   8.3517047218
4.4692002124   8.0601698483
4.5345808338   7.7785610486
4.6009179184   7.5065508904
4.6682254585   7.2438223131
4.7365176509   6.9900683165
4.8058089005   6.7449916580
4.8761138224   6.5083045583
4.9474472459   6.2797284151
5.0198242171   6.0589935085
5.0932600022   5.8458386519
5.1677700908   5.6400110061
5.2433701990   5.4412658627
5.3200762729   5.2493663949
5.3979044918   5.0640834149
5.4768712717   4.8851951385
5.5569932689   4.7124869573
5.6382873832   4.5457512159
5.7207707617   4.3847869975
5.8044608022   4.2293999138
5.8893751574   4.0794019029
5.9755317377   3.9346110315
6.0629487160   3.7948513044
6.1516445308   3.6599524784
6.2416378904   3.5297498747
6.3329477768   3.4040841797
6.4255934496   3.2828013041
6.5195944503   3.1657522280
6.6149706062   3.0527928408
6.7117420347   2.9437837858
6.8099291473   2.8385903095
6.9095526544   2.7370821151
7.0106335692   2.6391332214
7.1131932123   2.5446218242
7.2172532163   2.4534301642
7.3228355303   2.3654443966
7.4299624242   2.2805544665
7.5386564940   2.1986539872
7.6489406662   2.1196401221
7.7608382026   2.0434134616
7.8743727054   1.9698778908
7.9895681220   1.8989405120
8.1064487502   1.8305115479
8.2250392432   1.7645042402
8.3453646148   1.7008347518
8.4674502449   1.6394220709
8.5913218846   1.5801879197
8.7170056616   1.5230566644
8.8445280861   1.4679552293
8.9739160559   1.4148130126
9.1051968622   1.3635618056
9.2383981959   1.3141357139
9.3735481524   1.2664710814
9.5106752385   1.2205064167
9.6498083781   1.1761823181
9.7909769178   1.1334413993
9.9342106339   1.0922282316
10.0795397383  1.0524892806
10.2269948846  1.0141728437
10.3766071750  0.9772289886
10.5284081668  0.9416094948
10.6824298788  0.9072677967
10.8387047982  0.8741589280
10.9972658876  0.8422394687
11.1581465917  0.8114674929
11.3213808446  0.7818025196
11.4870030765  0.7532054634
11.6550482218  0.7256385883
11.8255517254  0.6990654619
11.9985495512  0.6734509091
12.1740781889  0.6487609662
12.3521746623  0.6249628467
12.5328765365  0.6020249023
12.7162219264  0.5799165844
12.9022495043  0.5586084070
13.0909985085  0.5380719102
13.2825087511  0.5182796259
13.4768206266  0.4992050436
13.6739751206  0.4808225783
13.8740138182  0.4631075386
14.0769789129  0.4460360964
14.2829132154  0.4295852573
14.4918601626  0.4137328325
14.7038638270  0.3984574106
14.9189689258  0.3837383300
15.1372208305  0.3695556516
15.3586655760  0.3558901376
15.5833498709  0.3427232271
15.8113211071  0.3300370130
16.0426273699  0.3178142196
16.2773174477  0.3060381806
16.5154408430  0.2946928180
16.7570477823  0.2837626223
17.0021892269  0.2732326322
17.2509168836  0.2630884159
17.5032832156  0.2533160529
17.7593414538  0.2439021160
18.0191456076  0.2348336545
18.2827504765  0.2260981771
18.5502116619  0.2176836355
18.8215855783  0.2095784084
19.0969294657  0.2017712882
19.3763014015  0.1942514665
19.6597603125  0.1870085204
19.9473659878  0.1800323991
20.2391790910  0.1733134103
20.5352611732  0.1668422082
20.8356746860  0.1606097814
21.1404829946  0.1546074406
21.4497503911  0.1488268079
21.7635421082  0.1432598054
22.0819243328  0.1378986450
22.4049642203  0.1327358180
22.7327299083  0.1277640853
23.0652905312  0.1229764670
23.4027162349  0.1183662339
23.7450781915  0.1139268985
24.0924486141  0.1096522076
24.4449007724  0.1055361329
24.8025090078  0.1015728639
25.1653487494  0.0977567998
25.5334965297  0.0940825419
25.9070300009  0.0905448870
26.2860279510  0.0871388196
26.6705703207  0.0838595061
27.0607382203  0.0807022877
27.4566139464  0.0776626744
27.8582809998  0.0747363391
28.2658241027  0.0719191116
28.6793292166  0.0692069726
29.0988835609  0.0665960485
29.5245756305  0.0640826066
29.9564952153  0.0616630500
30.3947334186  0.0593339127
30.8393826763  0.0570918551
31.2905367768  0.0549336591
31.7482908804  0.0528562242
32.2127415397  0.0508565628
32.6839867195  0.0489317967
33.1621258179  0.0470791524
33.6472596872  0.0452959582
34.1394906549  0.0435796399
34.6389225456  0.0419277175
35.1456607027  0.0403378018
35.6598120107  0.0388075908
36.1814849177  0.0373348666
36.7107894584  0.0359174928
37.2478372771  0.0345534116
37.7927416515  0.0332406404
38.3456175162  0.0319772699
38.9065814875  0.0307614606
39.4757518876  0.0295914411
40.0532487694  0.0284655049
40.6391939425  0.0273820084
41.2337109982  0.0263393687
41.8369253359  0.0253360611
42.4489641895  0.0243706173
43.0699566541  0.0234416230
43.7000337136  0.0225477163
44.3393282679  0.0216875852
44.9879751611  0.0208599662
45.6461112101  0.0200636425
46.3138752331  0.0192974426
46.9914080794  0.0185602381
47.6788526585  0.0178509424
48.3763539707  0.0171685094
49.0840591375  0.0165119317
49.8021174327  0.0158802392
50.5306803137  0.0152724979
51.2699014539  0.0146878084
52.0199367745  0.0141253049
52.7809444779  0.0135841536
53.5530850807  0.0130635517
54.3365214478  0.0125627263
55.1314188268  0.0120809332
55.9379448825  0.0116174556
56.7562697327  0.0111716036
57.5865659837  0.0107427129
58.4290087670  0.0103301442
59.2837757761  0.0099332820
60.1510473040  0.0095515337
61.0310062813  0.0091843289
61.9238383147  0.0088311186
62.8297317260  0.0084913742
63.7488775921  0.0081645870
64.6814697853  0.0078502672
65.6277050141  0.0075479434
66.5877828643  0.0072571620
67.5619058420  0.0069774862
68.5502794155  0.0067084956
69.5531120588  0.0064497855
70.5706152961  0.0062009664
71.6030037456  0.0059616634
72.6504951655  0.0057315158
73.7133104994  0.0055101764
74.7916739233  0.0052973109
75.8858128926  0.0050925978
76.9959581901  0.0048957276
78.1223439749  0.0047064024
79.2652078317  0.0045243356
80.4247908206  0.0043492514
81.6013375285  0.0041808842
82.7950961202  0.0040189786
84.0063183910  0.0038632888
85.2352598198  0.0037135778
86.4821796229  0.0035696179
87.7473408088  0.0034311896
89.0310102333  0.0032980820
90.3334586565  0.0031700922
91.6549607992  0.0030470249
92.9957954011  0.0029286922
94.3562452800  0.0028149134
95.7365973905  0.0027055145
97.1371428857  0.0026003283
98.5581771776  0.0024991939
100.0000000000 0.0024019563
